0 0.3172123015625 0.686569940625 0.23338293750000003 0.09449404687499996
0 0.32508680546875 0.58621651796875 0.21019345156249997 0.06677827343749998
0 0.7883184523437501 0.436569940625 0.13095237968749995 0.22619047499999995
0 0.5073164679687501 0.4742373515625 0.16096230156250002 0.14341517812499993
0 0.7365451390625 0.5980282734375 0.14942956250000006 0.18824404687499996
0 0.29892113046875 0.34542410703125004 0.13777281718750004 0.10342262031249999
0 0.5267857140625 0.19717261874999997 0.20858135 0.338913690625
0 0.09654017890625 0.6015625 0.1930803578125 0.07775297499999989
0 0.0638640875 0.4056919640625 0.127480159375 0.09598214375000003
0 0.1023685515625 0.26302083359374995 0.204737103125 0.15587797656249996
