0 0.46762371953125004 0.41438201171874994 0.18078315468750006 0.23278187968749997
0 0.5278542351562501 0.75981526953125 0.08863676718750002 0.19751950781250005
0 0.6493131070312499 0.48733986328125 0.15136519843750007 0.2150071078125
0 0.6035283390625 0.94194396640625 0.19739279374999996 0.1161120671875
0 0.42866463984375 0.1037502203125 0.20299262031249998 0.207500440625
0 0.03664768671875 0.86063993359375 0.0732953734375 0.2349885328125001
0 0.6213562195312501 0.7263111390624999 0.04989186406250001 0.2544099875
0 0.31311158828124996 0.769998878125 0.16393849218749998 0.17113095312500004
0 0.06614648515624999 0.8773276140625 0.12452211093749999 0.24534477187499992
0 0.5664682546875001 0.4973958328125 0.03125 0.25595238124999997
0 0.6216978656250001 0.2353625453125 0.11411194999999996 0.19443346875
0 0.2122157796875 0.9444989039062499 0.06366475000000002 0.11029741718749986
0 0.3583799921875 0.65220962421875 0.15731938749999996 0.1487332953125
0 0.21583999140625 0.35900712421875003 0.1003971578125 0.17791885468750007
0 0.1983118921875 0.4617006375 0.130265734375 0.13359520937499997
0 0.29132911796875 0.45077579609375 0.12319059843750002 0.12423106093750003
0 0.16772233515624999 0.6502321953125 0.08989584218749996 0.11611546250000004
0 0.08136406093750001 0.61683339375 0.16272812187500002 0.17167608750000007
