0 0.70615806171875 0.45507042656249996 0.13305025156250005 0.21239763125
0 0.8061364078125 0.31573573515625 0.06041404062500011 0.15900123281250006
0 0.640447471875 0.7120158375000001 0.060160815624999864 0.24920682187499998
0 0.53179511171875 0.12713580703125 0.08834899531249996 0.2542716140625
0 0.38618336875 0.22491671015625 0.07251125312499995 0.2364050265625
0 0.7160982828125 0.70180822734375 0.10057881562500004 0.24067002656250014
0 0.65897864609375 0.12718807421875 0.05654667656250001 0.20452495781250002
0 0.26461757890625 0.22530851796875 0.04864182656250002 0.1651331140625
0 0.2713507734375 0.756645525 0.100651628125 0.29319234375000014
0 0.37418255 0.926253671875 0.14116399687500003 0.14749265625000008
0 0.4457562625 0.88729585234375 0.05106179374999997 0.22540829531249995
0 0.35474751015625 0.0406154078125 0.10880057656250008 0.081230815625
0 0.5762730507812499 0.21868338515625 0.047963001562499996 0.1479322453125
0 0.48120813671875 0.6452186617187501 0.1025638859375001 0.21580318906249996
0 0.80175661875 0.10152206171875 0.03955534687499995 0.2030441234375
0 0.45688261953125003 0.0902866109375 0.1055969484375 0.180573221875
0 0.57551103984375 0.57778221171875 0.09835608906250004 0.22084966093750008
0 0.58604239375 0.32569215546875 0.050059090625000024 0.1355271078125
0 0.36881294375 0.6723329828125 0.07542350625000005 0.18137570000000003
0 0.47306765546874996 0.91278854765625 0.0439490796875 0.1744229046875001
0 0.36261565078125 0.5032046203125 0.07641069218750002 0.14578355624999995
0 0.25742210078125 0.47551807968750004 0.08458498593749997 0.24677464062500004
0 0.616408934375 0.03543814453125 0.06786941562499993 0.0708762890625
