0 0.32130414453125 0.24329102109375 0.05037483281249999 0.22846277968750003
0 0.5229061890625 0.5569030390625 0.11305889687499993 0.23689463124999988
0 0.43344932734375 0.3449240328125 0.0742039859375 0.25779364687499995
0 0.37067061484374997 0.3180803578125 0.05353428593750004 0.23086553124999998
0 0.6114013671875 0.570296959375 0.11793803749999998 0.25357504374999995
0 0.41714157812499997 0.7273075585937501 0.14077933125000003 0.15820311093750006
0 0.5057669078125 0.26231093671875 0.1440485437500001 0.22854638281250003
0 0.06277873046875 0.50763138671875 0.1254346015625 0.1301294265625001
0 0.13530235234375 0.05134869843749999 0.1490441515625 0.10269739687499999
0 0.19295634921875002 0.20870535703124998 0.1493055546875 0.08630952343749998
0 0.63161322109375 0.35304096640625 0.0848310578125 0.2306547609375
0 0.97694988125 0.7225229304687499 0.045604206249999946 0.1003675234375
0 0.044282546875 0.2490852171875 0.08856509375 0.11583035937500002
0 0.0272984796875 0.12464115390625 0.054596959375 0.06555776718749999
0 0.7743055562500001 0.73251488125 0.13442460312499993 0.05654761874999992
0 0.42326849921875 0.9233892890625001 0.11719145781249996 0.13434980000000007
