0 0.50702352734375 0.07831101171875 0.1464875296874999 0.1566220234375
0 0.09586704843749999 0.42963111249999997 0.044086259375000006 0.2635056312499999
0 0.6519239328125 0.6189191984375 0.26113229375 0.16766755624999996
0 0.22787349140624996 0.54008370859375 0.20532080156249996 0.29137004218749996
0 0.138750090625 0.1707541140625 0.154578775 0.296102065625
0 0.38440714062500003 0.28475697109375 0.098957625 0.1931348671875
0 0.5776180234375 0.09071621875 0.13589080937499998 0.1814324375
0 0.2690024984375 0.03629872578125 0.07964482499999997 0.0725974515625
0 0.37964451484375 0.58828932890625 0.18805456406249998 0.14458461093749997
0 0.7814980164062499 0.30573808671875 0.1299603171875 0.2907916484375
0 0.5184276671875 0.2273568734375 0.16870763437500003 0.2512953
0 0.44607721875 0.0582217265625 0.126777453125 0.116443453125
0 0.9048859125 0.52462117890625 0.190228175 0.2087807546874999
0 0.34378238281249995 0.0448014203125 0.08269933749999997 0.089602840625
0 0.37567483749999997 0.05064127734375 0.09311554687500007 0.1012825546875
0 0.27225493203125 0.23081246796875002 0.12314886718749998 0.1320118421875
0 0.927234790625 0.05791881171875 0.10808231562499993 0.1158376234375
0 0.67104106875 0.0234238328125 0.05392386562500007 0.046847665625
