0 0.61613113125 0.6246279757812501 0.10355122812499995 0.2708333328125
0 0.67153042578125 0.55131624921875 0.06373354843750012 0.27906392968749993
0 0.5674704359375 0.7149254484375 0.09068316249999997 0.30559494374999996
0 0.47288226015625 0.573288690625 0.11889885781249993 0.375
0 0.7263460679687501 0.8467801703125 0.18076607968750003 0.30643965937499995
0 0.7760416671875 0.6599702375 0.14384920624999986 0.24032738124999997
0 0.87822420703125 0.48421546640625 0.03273809531249994 0.19834164843750002
0 0.7140766421875 0.26368923671875 0.1965064593750001 0.2337822421875
0 0.56622425 0.28237523124999997 0.12369597187499992 0.294101225
0 0.8879328117187499 0.1772693453125 0.06292405781249999 0.354538690625
0 0.48164682499999995 0.8723958335937501 0.08184523749999995 0.24553571406249997
0 0.82385301953125 0.8437769546875 0.13064685468750015 0.19940476250000005
0 0.3707924609375 0.17262010859375002 0.157825409375 0.34524021718750003
0 0.5888787648437499 0.121705590625 0.06976231093749996 0.24341118125
0 0.78075396875 0.14006696406250002 0.12847222187499996 0.28013392812500004
0 0.43961002890625 0.197911646875 0.04789595156249998 0.167415734375
0 0.54293246875 0.04685022265625 0.03125 0.0937004453125
0 0.914660753125 0.58143721328125 0.03923008125000005 0.15292855781250003
0 0.9040178570312499 0.71133529921875 0.08035714218750001 0.2536735015625
0 0.443819803125 0.03200095 0.095500334375 0.0640019
0 0.7894345242187499 0.5494791671875 0.0833333328125 0.22172619062500004
0 0.8174603171875 0.0228794640625 0.04613095312500004 0.045758928125
0 0.3859126984375 0.46558779765625 0.07688492187500001 0.23028273906249996
0 0.9299819390624999 0.9618237546875 0.060403303125000085 0.07635249062499994
0 0.82132508828125 0.53030432109375 0.08977754218750011 0.20772058593750004
