0 0.9596974203124999 0.07468677421875 0.08060515937500001 0.1493735484375
0 0.55228548671875 0.2652693953125 0.1809350421875 0.203561403125
0 0.6002172359375 0.287183153125 0.18209301249999998 0.20784378124999997
0 0.5658862281249999 0.50203668359375 0.17189734999999995 0.24972260156249998
0 0.8605152265625 0.08293554453125 0.09851012499999989 0.1652004328125
0 0.27067617343749995 0.55501844453125 0.12284299999999998 0.1538138765625
0 0.0566322015625 0.8690883781250001 0.113264403125 0.26182324375
0 0.74261776796875 0.23325486796875 0.13400867031249986 0.2859783765625
0 0.799741871875 0.24232001328125002 0.10052662500000009 0.1647476015625
0 0.17251574218750002 0.58510833203125 0.1379369875 0.1961978390625
0 0.37270949999999997 0.50082641015625 0.12475823749999992 0.1939123671875
0 0.42119759921875 0.367498153125 0.18151276718750003 0.275660359375
0 0.8414460195312501 0.2384313328125 0.05992697031249994 0.08083393437499997
0 0.5963147015625001 0.6394636453125 0.10064589062499996 0.12048418437499997
0 0.5183531742187499 0.02273502734375 0.045138889062500076 0.0454700546875
0 0.39228560468749996 0.294329375 0.13717498437500003 0.2101378625
0 0.5019228203125 0.17089839375 0.07522656562500002 0.135016834375
0 0.6885719828125001 0.059000338281249995 0.08656555937499999 0.11800067656249999
0 0.6385262695312499 0.03769063359375 0.053330567187500066 0.0753812671875
0 0.18809445234375 0.9719550078125 0.0673948109375 0.05608998437500001
0 0.2364798109375 0.8246756789062499 0.15751705 0.2910724171875
0 0.1395074765625 0.8056115421874999 0.1810402375 0.26088977187499995
