0 0.6557746171875001 0.48602269375 0.1790936125 0.3753336500000001
0 0.6776822101562501 0.9302455359375 0.09660451406249992 0.13950892812499993
0 0.38545106406249996 0.50833031875 0.16662821562500002 0.28876088750000006
0 0.41865079375 0.24293154765625 0.12152777812499999 0.1815476203125
0 0.48320765 0.16114085703125 0.131302953125 0.18887900156249998
0 0.747650384375 0.9378720234375 0.058004409374999955 0.12425595312500004
0 0.54706299609375 0.77200700703125 0.13663357656249991 0.2378174140625
0 0.24065057968749998 0.1944052484375 0.090297034375 0.15799253125
0 0.854934478125 0.72069352734375 0.14687292500000004 0.25909538906250007
0 0.74863886875 0.38249742265625 0.09568433750000005 0.16004865781249994
0 0.98350694453125 0.95033482109375 0.032986110937500035 0.09933035781249999
0 0.52371350703125 0.34089503515624997 0.09934722031249998 0.19146268906249994
0 0.551754828125 0.9107494914062501 0.08105414062500005 0.1785010171874999
0 0.6726424468750001 0.79361594921875 0.07871762812500005 0.1755271546874999
0 0.6686616546874999 0.3377824171875 0.07738095312499993 0.10891389062500001
0 0.5343389140625001 0.93643135234375 0.07048074687500006 0.12713729531250006
0 0.89994684453125 0.92611459296875 0.10236207343750003 0.14777081406249992
0 0.409969709375 0.04984378828125 0.19810524687499997 0.0984176703125
0 0.30641724453124997 0.21101883046875003 0.10005315468750003 0.1593154078125
