0 0.36346600703125 0.0822032953125 0.1034201078125 0.163672584375
0 0.60600817265625 0.5147225515625 0.1115176484375 0.302047584375
0 0.4532402875 0.7038870875 0.13069740624999993 0.17191108125
0 0.512094546875 0.20526289375 0.07970107812499988 0.18099206875000004
0 0.48222002343750003 0.6346423554687499 0.18086421875000003 0.2595625359375
0 0.6010373234375 0.69873225390625 0.060602506249999966 0.12859287656249996
0 0.1567470953125 0.07056718046875 0.158621840625 0.1403903140625
0 0.47745909765625 0.48644132265624995 0.059580892187499956 0.15442382656249998
0 0.24376079296875 0.34107098593749996 0.17353349218749997 0.23794554374999996
0 0.5305656554687499 0.42654886328125 0.07185514531249992 0.21670067656250003
0 0.4711115890625 0.0437228375 0.038458356249999937 0.0643274875
0 0.42916721640625 0.29299014765625 0.11708045468750006 0.24976072968749996
0 0.35966464140625 0.6150323765625 0.049272807812499986 0.08335316562499995
0 0.28447702578125 0.21494664765625 0.08884036406249998 0.14595202656249998
