0 0.5131080117187501 0.483762984375 0.1806292140625 0.20073928124999996
0 0.7899065640625 0.55011020625 0.20276818125000007 0.161305225
0 0.49986552109375 0.92692012890625 0.2565957296875 0.14411006093750012
0 0.27978910546875 0.61892521640625 0.20536356093750002 0.2329877640625
0 0.41713201640625 0.31138392890625 0.17714469843749997 0.28571428593750003
0 0.868799603125 0.38467261875 0.1329365093749999 0.12276785624999997
0 0.32134055 0.710524675 0.17484003750000002 0.19509405312499994
0 0.7670250734374999 0.688916121875 0.18569191562499998 0.16726676875000013
0 0.5788024984375 0.11458333359375002 0.223843415625 0.20461309531250002
0 0.47821684296875 0.41158788749999997 0.1336199078125 0.10814601249999994
0 0.38141996484374996 0.8525283515625 0.35318351718749996 0.23258646562499985
0 0.56231931796875 0.6295915031249999 0.16070500781249997 0.166685925
0 0.6917520562499999 0.26244350625 0.15929776249999994 0.11573798750000003
0 0.8049325875 0.11216329609375 0.09598800000000007 0.1083279546875
0 0.8792162703125 0.14866439453125 0.13492063437500001 0.18109382968749999
0 0.6485615078125 0.8173363093749999 0.16865079374999992 0.07589285624999997
0 0.85956048125 0.02027529765625 0.07477572499999985 0.0405505953125
0 0.9554811507812501 0.48179399921875 0.08903769843749987 0.20679890781250004
0 0.7080853179687501 0.4368831703125 0.1795634921875 0.11558181562499997
0 0.89562828046875 0.06630619453125 0.11615735468749988 0.1326123890625
0 0.5867944031250001 0.7255460242187499 0.11257689999999998 0.05560437968749998
0 0.51258329140625 0.303827984375 0.12427696718750003 0.10881078125000002
0 0.61897141015625 0.2776171484375 0.2754946640625 0.20857435312499997
