0 0.65552860625 0.17091662265625002 0.047664356250000095 0.2205534828125
0 0.50347222265625 0.40662202421875004 0.08878968281250005 0.2544642859375
0 0.3398279359375 0.6423267265625001 0.12658047500000003 0.24219670937500004
0 0.27952521640625 0.25860185625 0.11014170156250003 0.165178571875
0 0.63018921875 0.67325720859375 0.20043505312499987 0.2386275109374999
0 0.44772552265625 0.50110369296875 0.17372296718749997 0.28969506718750004
0 0.158978175 0.078125 0.14384920625000003 0.15550595312499998
0 0.24203328671875 0.31392013203125 0.0997627921875 0.20102878281249997
0 0.7250425507812499 0.41398309453125 0.04681129218750002 0.15277872968749995
0 0.4393095140625001 0.8148773359374999 0.10431347187500001 0.15579633749999988
0 0.68248228828125 0.05359974609375 0.03472222343749998 0.1071994921875
0 0.5938178468749999 0.47351568750000006 0.12090077187500003 0.176018165625
0 0.403521825 0.32220058359375003 0.06944444374999997 0.07886904843750003
0 0.5899375484375 0.20884979765625 0.07799496562499986 0.16909064531249998
0 0.52822412890625 0.0918158046875 0.09709083906250005 0.183631609375
0 0.53045457265625 0.31637375234375004 0.10078294218750006 0.22792450156250002
0 0.76953534296875 0.0366053140625 0.032538057812500076 0.07207558125
0 0.74322523671875 0.0667935265625 0.027977464062500013 0.123976475
0 0.71279173515625 0.0514166 0.036733770312500025 0.09386332500000001
