0 0.7393353171875 0.48053706562500004 0.13392857187500007 0.17211039375000003
0 0.7926206476562501 0.42149555234375 0.16071428593750003 0.12603215781250005
0 0.5115457375 0.49581816640625 0.27528841249999997 0.2353408609375
0 0.211238390625 0.16468360937499998 0.13168287187499997 0.09469253749999998
0 0.36423956328124996 0.5381361960937501 0.1757867453125 0.07999262968750004
0 0.8171189117187501 0.31317290859375 0.17567917968750002 0.31087634843749995
0 0.153743659375 0.395906509375 0.13501774687499998 0.17768102812499997
0 0.149906953125 0.51310608828125 0.1427676625 0.10718935468750002
0 0.68799603203125 0.18641558828125 0.10863095156249991 0.1426067140625
0 0.06060134375 0.11394457734375 0.12053305937500002 0.1658605421875
0 0.6235428078125 0.23207749921875 0.08218163125 0.10841372656249998
0 0.40103366015625 0.189526934375 0.06964132343750007 0.07237550937500001
