0 0.30592201796875 0.54784797265625 0.1798448734375 0.17679713593749996
0 0.7256336601562501 0.3753720234375 0.17319508906250014 0.12990130625000001
0 0.931299603125 0.05989583359375 0.13690476250000005 0.05505952343750001
0 0.70634920625 0.57068452421875 0.1899801593749999 0.14508928593749998
0 0.11692836171875001 0.91248650390625 0.1598419671875 0.17502699218750006
0 0.466377815625 0.8378834453124999 0.16285022500000007 0.16622508437499983
0 0.9642857140625 0.1484375 0.0709325406250001 0.098214284375
0 0.86212793203125 0.33312148515625006 0.10468745468749996 0.15950708593750001
0 0.3805797078125 0.64506471640625 0.08716089687499995 0.11091223281249996
0 0.30164096406249996 0.94401041640625 0.11745219999999998 0.1119791671874999
0 0.56879481953125 0.3533037078125 0.11016864218749989 0.06839784375000008
0 0.579303615625 0.41925829843749995 0.14214378437499997 0.07447732499999998
0 0.86815022578125 0.11112656328125001 0.12816682031250015 0.07519011093750001
0 0.87484799921875 0.42324824765625 0.13760857656249992 0.06634421718750005
0 0.7104542984375 0.24934598124999996 0.10010940312500005 0.08745374062499997
0 0.0911531265625 0.68854097890625 0.134501503125 0.11129242343750001
0 0.7111391046875 0.150477634375 0.027284603124999918 0.040958409375000004
