0 0.39781746015624997 0.74004836328125 0.09747023906250002 0.3030133921875
0 0.44239831328125 0.6767113093750001 0.1094990078125 0.25855654687500007
0 0.35131448359374995 0.27176339296874996 0.1706349203125 0.47767857031249994
0 0.51475694453125 0.9425223218749998 0.05580357031249994 0.11235119062499999
0 0.38721478125 0.96270461328125 0.03955853124999997 0.07347470156250002
0 0.35590277734375 0.8071056546875 0.032986110937500035 0.08482142812500004
0 0.1515376984375 0.57180059453125 0.07316468125000003 0.32180059531250005
0 0.2486359125 0.5234375 0.17906745937500002 0.33891369062500004
0 0.14713541640625 0.9177827375000001 0.0837053578125 0.1610863093749999
0 0.09133184531249999 0.9301525296875 0.0713045625 0.1370907749999999
0 0.06380208359375 0.9836309523437501 0.03162202343750001 0.03087797656249991
0 0.0212673609375 0.8511904765625 0.042038690625 0.1953124999999999
0 0.0228794640625 0.66815476171875 0.045758928125 0.2600446421875
0 0.03707837265625 0.5950520835937501 0.07390872968750001 0.35491071406249997
0 0.12183779765625 0.13495163671875 0.14397321406250002 0.2699032734375
0 0.284226190625 0.01571800546875 0.036954365624999985 0.0306919640625
