0 0.5703125 0.528273809375 0.20436507812499993 0.389508928125
0 0.42435515859375 0.81659226171875 0.09449404843749998 0.19903273906249996
0 0.32552083359375 0.7776227679687501 0.1428571421875 0.40643601093750004
0 0.61879960390625 0.8861607140625001 0.06721230156250002 0.18266369062499999
0 0.6749751984375001 0.88857886875 0.07490079375000003 0.22247023749999995
0 0.37065972187499996 0.77743675546875 0.09027777812499999 0.29743303593750015
0 0.2891865078125 0.36700148828125 0.09995039687499999 0.2574404765625
0 0.7085193453125 0.1507626484375 0.08345734062499999 0.301525296875
0 0.66548859140625 0.11235119062499999 0.10751487968749995 0.22433035624999997
0 0.45436507890624994 0.3072916671875 0.19866071406249997 0.30766369062500004
0 0.2395833328125 0.8322172625 0.07762896875 0.29501488124999997
0 0.16927083359375 0.752883184375 0.07638888906249999 0.3316592249999999
0 0.7705853171875 0.17392113046875 0.06572420625000008 0.30729166718749995
0 0.24131944453125 0.37388392890625 0.037946429687500005 0.06882440468750001
0 0.61576140859375 0.09198288671875 0.08097718281249999 0.1839657734375
