0 0.642237103125 0.42950148828125 0.18253968124999986 0.18898809531250005
0 0.83531746015625 0.64229910703125 0.17088293593749992 0.23883928593750003
0 0.31857638906249997 0.2475818453125 0.18154761874999997 0.11830357187500004
0 0.37785218203125 0.3805803578125 0.21676587343749998 0.12983630937500007
0 0.11321924609375 0.19196428593749998 0.1026785703125 0.09784226249999997
0 0.12549603125 0.30915178515625 0.153521825 0.10602678593750003
0 0.25527033671875 0.43080357187500007 0.22160218281250005 0.12313988125000003
0 0.02374751953125 0.3441220234375 0.0469990078125 0.06436011875000003
0 0.045696924218750004 0.5770089281249999 0.09139384843750001 0.08221726250000005
0 0.55567956328125 0.58147321484375 0.23363095156249997 0.25930059531250005
0 0.7588045632812499 0.6796875 0.22321428593750003 0.3441220250000001
0 0.96279761953125 0.87890625 0.07316468281249988 0.19940476249999994
0 0.56094990078125 0.82254464296875 0.19407242031250005 0.16778273906250007
0 0.2301587296875 0.7154017859375 0.169146825 0.12611607187500007
0 0.12506200390625 0.53013392890625 0.2501240078125 0.17224702343749998
0 0.36185515859375 0.6170014875000001 0.16914682656250002 0.13764880937500001
0 0.6499255953125 0.8255208335937501 0.18055555624999997 0.14992559531249994
0 0.40507192421875 0.91927083359375 0.22755456406249996 0.1588541671874999
0 0.06727430546874999 0.8506324406250001 0.1340525796875 0.0885416656250001
0 0.13194444453124998 0.7845982140625 0.20858134843749998 0.14174107187500007
0 0.4734623015625 0.34626116015624997 0.11681547499999995 0.10695684531249999
