0 0.23022073437499999 0.43247767812499993 0.16629464374999997 0.131696428125
0 0.373883928125 0.614211309375 0.17807539687499996 0.1402529749999999
0 0.40463789687499996 0.75595238046875 0.2123015875 0.13132440468750017
0 0.31981646796875 0.91396949375 0.1666666671875 0.10472470312499993
0 0.70907738125 0.15652901796875002 0.25372023749999995 0.31305803593750003
0 0.0700024796875 0.75762648828125 0.13950892812500001 0.08035714218750001
0 0.2078373015625 0.53720238125 0.136656746875 0.08593749999999994
0 0.5652281742187499 0.4867931546875 0.16393849218749995 0.13169642812500004
0 0.76178075390625 0.40699404765625 0.19146825468749995 0.21391368906250002
0 0.5600818453125 0.3967633929687501 0.114459325 0.0848214296875
0 0.5426587296875 0.34644717265625 0.11582341249999994 0.09021577343749998
0 0.479538690625 0.26841517890625 0.21974206249999995 0.18898809531250002
0 0.05233134921875 0.8508184523437499 0.10441468281250002 0.06138392968749995
0 0.83258928515625 0.06612723203125001 0.13913690468749995 0.13225446406250002
0 0.690972221875 0.6256510421875 0.19419642812499993 0.20517113124999997
0 0.7198040679687501 0.7643229164062499 0.2873263890625001 0.21502976093749993
0 0.75248015859375 0.6759672625 0.07713293593750004 0.0859375
0 0.55257936484375 0.9397321421875 0.24627976093749993 0.12016369062499999
0 0.5227554562500001 0.8429129460937501 0.08395337187499996 0.07570684531249994
0 0.9216269835937501 0.47414434531249994 0.15451388906249985 0.26041666562499993
0 0.96273561484375 0.15141369062499999 0.07155257968750006 0.13950892812500001
0 0.02790178515625 0.41796875 0.0550595234375 0.09970238124999997
