0 0.46329365078124995 0.460007440625 0.21205357031249994 0.23660714375000008
0 0.16083829375 0.6216517859374999 0.2150297625 0.22879464375000003
0 0.7375992062500001 0.717819940625 0.10590277812500004 0.14136904687499996
0 0.39298115078125 0.907180059375 0.12896825468750006 0.11681547499999989
0 0.88529265859375 0.524367559375 0.14930555468750006 0.182291665625
0 0.48983134921875 0.5809151781249999 0.1669146828125 0.16889880937500001
0 0.3046875 0.7589285710937501 0.27628968125 0.20944940468750006
0 0.3826884921875 0.40420386953125 0.14657738124999997 0.16145833281250005
0 0.04978918671875 0.5280877976562499 0.0995783734375 0.1197916671875
0 0.7584945437499999 0.36439732187500007 0.22284226250000005 0.24032738125000003
0 0.6455853171874999 0.57049851171875 0.184771825 0.2544642859375
0 0.70982142890625 0.17950148828125 0.20163690468749995 0.2633928578125
0 0.63988095234375 0.1216517859375 0.13864087343749998 0.16331845312499998
0 0.9530009921874999 0.10742187499999999 0.09375 0.21335565625
0 0.43390377031250005 0.24255952421875 0.18154761875000008 0.1975446421875
0 0.9780505953125 0.34616815546875 0.041170634374999904 0.10788690468750006
0 0.21366567421875 0.377976190625 0.1795634921875 0.21614583437500007
0 0.42162698359375 0.823288690625 0.13616071406249997 0.12462797499999989
0 0.58302331328125 0.06175595234375 0.14025297656250002 0.1209077390625
0 0.02876984140625 0.8151041671874999 0.0572916671875 0.11123511874999992
0 0.70882936484375 0.25985863124999997 0.3787202390625001 0.4724702375
0 0.53131200390625 0.02892485078125 0.061879960937500034 0.0571056546875
