0 0.33209325390625 0.83128720234375 0.14211309531250005 0.2321428578125
0 0.5072544640625 0.48846726171875 0.15438988124999997 0.30543154843750003
0 0.5226314484375 0.7844122023437499 0.12289186562499999 0.23511904843749998
0 0.48784722187499996 0.74255952421875 0.10391864999999995 0.2087053578125
0 0.6471354171875 0.86923363125 0.12686011875000003 0.22470238125000008
0 0.48381696406249997 0.9456845242187499 0.07899305625000003 0.10602678593749992
0 0.6793154765625 0.90457589296875 0.11532738124999997 0.18675595156250013
0 0.46540178593750003 0.430617559375 0.14980158750000006 0.24404761875000003
0 0.34325396874999997 0.49283854140625 0.10639880937500001 0.2535342265624999
0 0.09846230156250001 0.94940476171875 0.09151785625 0.09709821406249997
0 0.6733630953125 0.23586309531250002 0.13566468124999986 0.358258928125
0 0.08085317421875 0.853515625 0.1617063484375 0.28515625
0 0.10342261953125 0.7446056546875 0.1515376984375 0.28794642812500004
0 0.52411954296875 0.1326264875 0.09064980156249997 0.174851190625
0 0.6434771820312499 0.51004464296875 0.06696428593750003 0.12090773906250007
0 0.5677703375 0.17615327343749998 0.11346726250000005 0.284226190625
0 0.2201140875 0.54724702421875 0.14980158750000003 0.2912946421875
0 0.29427083359375 0.28459821406249997 0.18898809531250005 0.280133928125
0 0.72178819453125 0.58668154765625 0.10181051718750012 0.2325148796874999
0 0.92249503984375 0.159319196875 0.07440476093750004 0.23232886875000003
0 0.82037450390625 0.2534412203125 0.1772073421875 0.506882440625
0 0.8031994046875 0.60360863125 0.07093254062499998 0.13392857187499996
